x0 = 0.4;
y0 = 0.3;
A = 0.1;
w = 1;
